photos/55.jpg 1 1497 738 400 400
photos/8.jpg 1 545 325 388 388
photos/89.jpg 1 570 654 670 670
photos/67.jpg 1 766 634 430 430
photos/2.jpg 1 528 576 701 701
photos/98.jpg 1 1501 1337 613 613
photos/103.jpg 1 528 576 701 701
photos/33.jpg 1 338 206 296 296
photos/118.jpg 1 178 347 498 498
photos/76.jpg 1 529 340 395 395
photos/131.jpg 1 544 322 390 390
photos/85.jpg 1 1395 1043 602 602
photos/15.jpg 1 1893 2219 88 88
photos/106.jpg 1 236 37 507 507
photos/114.jpg 1 186 214 601 601
photos/105.jpg 1 1453 931 351 351
photos/87.jpg 1 164 398 643 643
photos/111.jpg 1 1371 311 454 454
photos/74.jpg 1 534 346 388 388
photos/153.jpg 1 528 312 397 397
photos/65.jpg 1 1399 710 367 367
photos/148.jpg 1 1446 1170 727 727
photos/23.jpg 1 863 20 727 727
photos/104.jpg 1 518 306 416 416
photos/35.jpg 1 165 421 594 594
photos/46.jpg 1 963 374 410 410
photos/47.jpg 1 847 249 658 658
photos/81.jpg 1 1625 340 323 323
photos/108.jpg 1 173 336 483 483
photos/90.jpg 1 759 560 53 53
photos/68.jpg 1 236 37 507 507
photos/9.jpg 1 65 235 167 167
photos/147.jpg 1 445 389 291 291
photos/79.jpg 1 1432 940 373 373
photos/75.jpg 1 549 319 385 385
photos/6.jpg 1 42 320 470 470
photos/56.jpg 1 790 668 323 323
photos/41.jpg 1 784 399 204 204
photos/124.jpg 1 750 641 359 359
photos/53.jpg 1 544 315 399 399
photos/10.jpg 1 1451 926 361 361
photos/115.jpg 1 1242 1485 1054 1054
photos/84.jpg 1 852 118 599 599
photos/28.jpg 1 545 325 388 388
photos/110.jpg 1 1054 559 649 649
photos/143.jpg 1 529 340 395 395
photos/59.jpg 1 1451 926 361 361
photos/16.jpg 1 1367 1182 679 679
photos/45.jpg 1 835 411 227 227
photos/29.jpg 1 833 736 358 358
photos/66.jpg 1 232 235 511 511
photos/145.jpg 1 181 324 495 495
photos/38.jpg 1 518 306 416 416
photos/140.jpg 1 32 301 504 504
photos/160.jpg 1 267 323 443 443
photos/91.jpg 1 28 103 189 189
photos/130.jpg 1 570 654 670 670
photos/95.jpg 1 537 184 385 385
photos/82.jpg 1 792 65 631 631
photos/12.jpg 1 2753 671 748 748
photos/88.jpg 1 181 324 495 495
photos/78.jpg 1 1068 555 699 699
photos/30.jpg 1 2631 719 1362 1362
photos/64.jpg 1 528 472 622 622
photos/60.jpg 1 1496 422 296 296
photos/22.jpg 1 1983 1064 975 975
photos/94.jpg 1 180 349 492 492
photos/120.jpg 1 183 651 349 349
photos/117.jpg 1 267 323 443 443
photos/159.jpg 1 1045 530 727 727
photos/61.jpg 1 1445 951 356 356
photos/119.jpg 1 165 421 594 594
photos/31.jpg 1 181 95 500 500
photos/4.jpg 1 2746 2234 61 61
photos/5.jpg 1 232 235 511 511
photos/129.jpg 1 568 397 390 390
photos/17.jpg 1 164 398 643 643
photos/151.jpg 1 397 350 326 326
photos/125.jpg 1 178 347 498 498
photos/21.jpg 1 1045 530 727 727
photos/137.jpg 1 562 658 675 675
photos/43.jpg 1 951 161 461 461
photos/3.jpg 1 97 347 375 375
photos/14.jpg 1 1054 559 649 649
photos/80.jpg 1 544 315 399 399
photos/149.jpg 1 861 541 78 78
photos/157.jpg 1 1551 385 399 399
photos/139.jpg 1 243 258 392 392
photos/121.jpg 1 303 1157 196 196
photos/122.jpg 1 763 565 372 372
photos/40.jpg 1 177 265 462 462
photos/101.jpg 1 2658 725 589 589
photos/158.jpg 1 1062 564 643 643
photos/71.jpg 1 265 215 475 475
photos/126.jpg 1 216 208 157 157
photos/97.jpg 1 2519 580 771 771
photos/52.jpg 1 895 849 1086 1086
photos/72.jpg 1 1445 951 356 356
photos/58.jpg 1 183 345 467 467
photos/57.jpg 1 1301 1127 720 720
photos/1.jpg 1 742 462 559 559
photos/109.jpg 1 2915 587 619 619
photos/144.jpg 1 47 244 559 559
photos/7.jpg 1 612 4018 763 763
photos/136.jpg 1 850 664 501 501
photos/63.jpg 1 183 345 467 467
photos/141.jpg 1 551 590 664 664
